7f45 4c46 0201 0100 0000 0000 0000 0000
0300 3e00 0100 0000 9013 0000 0000 0000
4000 0000 0000 0000 1041 0000 0000 0000
0000 0000 4000 3800 0d00 4000 2600 2500
0600 0000 0400 0000 4000 0000 0000 0000
4000 0000 0000 0000 4000 0000 0000 0000
d802 0000 0000 0000 d802 0000 0000 0000
0800 0000 0000 0000 0300 0000 0400 0000
1803 0000 0000 0000 1803 0000 0000 0000
1803 0000 0000 0000 1c00 0000 0000 0000
1c00 0000 0000 0000 0100 0000 0000 0000
0100 0000 0400 0000 0000 0000 0000 0000
0000 0000 0000 0000 0000 0000 0000 0000
5008 0000 0000 0000 5008 0000 0000 0000
0010 0000 0000 0000 0100 0000 0500 0000
0010 0000 0000 0000 0010 0000 0000 0000
0010 0000 0000 0000 050e 0000 0000 0000
050e 0000 0000 0000 0010 0000 0000 0000
0100 0000 0400 0000 0020 0000 0000 0000
0020 0000 0000 0000 0020 0000 0000 0000
a002 0000 0000 0000 a002 0000 0000 0000
0010 0000 0000 0000 0100 0000 0600 0000
682d 0000 0000 0000 683d 0000 0000 0000
683d 0000 0000 0000 a802 0000 0000 0000
c002 0000 0000 0000 0010 0000 0000 0000
0200 0000 0600 0000 802d 0000 0000 0000
803d 0000 0000 0000 803d 0000 0000 0000
0002 0000 0000 0000 0002 0000 0000 0000
0800 0000 0000 0000 0400 0000 0400 0000
3803 0000 0000 0000 3803 0000 0000 0000
3803 0000 0000 0000 2000 0000 0000 0000
2000 0000 0000 0000 0800 0000 0000 0000
0400 0000 0400 0000 5803 0000 0000 0000
5803 0000 0000 0000 5803 0000 0000 0000
4400 0000 0000 0000 4400 0000 0000 0000
0400 0000 0000 0000 53e5 7464 0400 0000
3803 0000 0000 0000 3803 0000 0000 0000
3803 0000 0000 0000 2000 0000 0000 0000
2000 0000 0000 0000 0800 0000 0000 0000
50e5 7464 0400 0000 4820 0000 0000 0000
4820 0000 0000 0000 4820 0000 0000 0000
7400 0000 0000 0000 7400 0000 0000 0000
0400 0000 0000 0000 51e5 7464 0600 0000
0000 0000 0000 0000 0000 0000 0000 0000
0000 0000 0000 0000 0000 0000 0000 0000
0000 0000 0000 0000 1000 0000 0000 0000
52e5 7464 0400 0000 682d 0000 0000 0000
683d 0000 0000 0000 683d 0000 0000 0000
9802 0000 0000 0000 9802 0000 0000 0000
0100 0000 0000 0000 2f6c 6962 3634 2f6c
642d 6c69 6e75 782d 7838 362d 3634 2e73
6f2e 3200 0000 0000 0400 0000 1000 0000
0500 0000 474e 5500 0200 00c0 0400 0000
0300 0000 0000 0000 0400 0000 1400 0000
0300 0000 474e 5500 4634 e10b 429f d1d8
dc18 3fa2 0ab5 20e3 97cc b5d5 0400 0000
1000 0000 0100 0000 474e 5500 0000 0000
0300 0000 0200 0000 0000 0000 0000 0000
0200 0000 0d00 0000 0100 0000 0600 0000
0000 8100 0000 0000 0d00 0000 0000 0000
d165 ce6d 0000 0000 0000 0000 0000 0000
0000 0000 0000 0000 0000 0000 0000 0000
0e00 0000 2000 0000 0000 0000 0000 0000
0000 0000 0000 0000 5300 0000 1200 0000
0000 0000 0000 0000 0000 0000 0000 0000
a500 0000 1200 0000 0000 0000 0000 0000
0000 0000 0000 0000 cc00 0000 1200 0000
0000 0000 0000 0000 0000 0000 0000 0000
9f00 0000 1200 0000 0000 0000 0000 0000
0000 0000 0000 0000 7400 0000 1200 0000
0000 0000 0000 0000 0000 0000 0000 0000
2a00 0000 2000 0000 0000 0000 0000 0000
0000 0000 0000 0000 b600 0000 1200 0000
0000 0000 0000 0000 0000 0000 0000 0000
9200 0000 1200 0000 0000 0000 0000 0000
0000 0000 0000 0000 3900 0000 2000 0000
0000 0000 0000 0000 0000 0000 0000 0000
6600 0000 1200 0000 0000 0000 0000 0000
0000 0000 0000 0000 a000 0000 1200 0000
0000 0000 0000 0000 0000 0000 0000 0000
bd00 0000 2200 0000 0000 0000 0000 0000
0000 0000 0000 0000 006c 6962 676f 6d70
2e73 6f2e 3100 5f49 544d 5f64 6572 6567
6973 7465 7254 4d43 6c6f 6e65 5461 626c
6500 5f5f 676d 6f6e 5f73 7461 7274 5f5f
005f 4954 4d5f 7265 6769 7374 6572 544d
436c 6f6e 6554 6162 6c65 006f 6d70 5f67
6574 5f74 6872 6561 645f 6e75 6d00 474f
4d50 5f70 6172 616c 6c65 6c00 6f6d 705f
6765 745f 6e75 6d5f 7468 7265 6164 7300
6c69 6263 2e73 6f2e 3600 5f5f 7072 696e
7466 5f63 686b 0073 7261 6e64 005f 5f73
7461 636b 5f63 686b 5f66 6169 6c00 6d61
6c6c 6f63 005f 5f63 7861 5f66 696e 616c
697a 6500 5f5f 6c69 6263 5f73 7461 7274
5f6d 6169 6e00 474c 4942 435f 322e 332e
3400 474c 4942 435f 322e 322e 3500 474c
4942 435f 322e 3400 474f 4d50 5f34 2e30
004f 4d50 5f31 2e30 0000 0000 0000 0200
0300 0400 0400 0200 0000 0400 0500 0000
0600 0400 0400 0000 0100 0300 8800 0000
1000 0000 4000 0000 7419 6909 0000 0500
de00 0000 1000 0000 751a 6909 0000 0400
ea00 0000 1000 0000 1469 690d 0000 0300
f600 0000 0000 0000 0100 0200 0100 0000
1000 0000 0000 0000 d023 2604 0000 0600
0001 0000 1000 0000 4024 2604 0000 0200
0901 0000 0000 0000 683d 0000 0000 0000
0800 0000 0000 0000 7014 0000 0000 0000
703d 0000 0000 0000 0800 0000 0000 0000
7013 0000 0000 0000 783d 0000 0000 0000
0800 0000 0000 0000 3014 0000 0000 0000
0840 0000 0000 0000 0800 0000 0000 0000
0840 0000 0000 0000 d83f 0000 0000 0000
0600 0000 0100 0000 0000 0000 0000 0000
e03f 0000 0000 0000 0600 0000 0400 0000
0000 0000 0000 0000 e83f 0000 0000 0000
0600 0000 0700 0000 0000 0000 0000 0000
f03f 0000 0000 0000 0600 0000 0a00 0000
0000 0000 0000 0000 f83f 0000 0000 0000
0600 0000 0d00 0000 0000 0000 0000 0000
983f 0000 0000 0000 0700 0000 0200 0000
0000 0000 0000 0000 a03f 0000 0000 0000
0700 0000 0300 0000 0000 0000 0000 0000
a83f 0000 0000 0000 0700 0000 0500 0000
0000 0000 0000 0000 b03f 0000 0000 0000
0700 0000 0600 0000 0000 0000 0000 0000
b83f 0000 0000 0000 0700 0000 0800 0000
0000 0000 0000 0000 c03f 0000 0000 0000
0700 0000 0900 0000 0000 0000 0000 0000
c83f 0000 0000 0000 0700 0000 0b00 0000
0000 0000 0000 0000 d03f 0000 0000 0000
0700 0000 0c00 0000 0000 0000 0000 0000
0000 0000 0000 0000 0000 0000 0000 0000
0000 0000 0000 0000 0000 0000 0000 0000
0000 0000 0000 0000 0000 0000 0000 0000
0000 0000 0000 0000 0000 0000 0000 0000
0000 0000 0000 0000 0000 0000 0000 0000
0000 0000 0000 0000 0000 0000 0000 0000
0000 0000 0000 0000 0000 0000 0000 0000
0000 0000 0000 0000 0000 0000 0000 0000
0000 0000 0000 0000 0000 0000 0000 0000
0000 0000 0000 0000 0000 0000 0000 0000
0000 0000 0000 0000 0000 0000 0000 0000
0000 0000 0000 0000 0000 0000 0000 0000
0000 0000 0000 0000 0000 0000 0000 0000
0000 0000 0000 0000 0000 0000 0000 0000
0000 0000 0000 0000 0000 0000 0000 0000
0000 0000 0000 0000 0000 0000 0000 0000
0000 0000 0000 0000 0000 0000 0000 0000
0000 0000 0000 0000 0000 0000 0000 0000
0000 0000 0000 0000 0000 0000 0000 0000
0000 0000 0000 0000 0000 0000 0000 0000
0000 0000 0000 0000 0000 0000 0000 0000
0000 0000 0000 0000 0000 0000 0000 0000
0000 0000 0000 0000 0000 0000 0000 0000
0000 0000 0000 0000 0000 0000 0000 0000
0000 0000 0000 0000 0000 0000 0000 0000
0000 0000 0000 0000 0000 0000 0000 0000
0000 0000 0000 0000 0000 0000 0000 0000
0000 0000 0000 0000 0000 0000 0000 0000
0000 0000 0000 0000 0000 0000 0000 0000
0000 0000 0000 0000 0000 0000 0000 0000
0000 0000 0000 0000 0000 0000 0000 0000
0000 0000 0000 0000 0000 0000 0000 0000
0000 0000 0000 0000 0000 0000 0000 0000
0000 0000 0000 0000 0000 0000 0000 0000
0000 0000 0000 0000 0000 0000 0000 0000
0000 0000 0000 0000 0000 0000 0000 0000
0000 0000 0000 0000 0000 0000 0000 0000
0000 0000 0000 0000 0000 0000 0000 0000
0000 0000 0000 0000 0000 0000 0000 0000
0000 0000 0000 0000 0000 0000 0000 0000
0000 0000 0000 0000 0000 0000 0000 0000
0000 0000 0000 0000 0000 0000 0000 0000
0000 0000 0000 0000 0000 0000 0000 0000
0000 0000 0000 0000 0000 0000 0000 0000
0000 0000 0000 0000 0000 0000 0000 0000
0000 0000 0000 0000 0000 0000 0000 0000
0000 0000 0000 0000 0000 0000 0000 0000
0000 0000 0000 0000 0000 0000 0000 0000
0000 0000 0000 0000 0000 0000 0000 0000
0000 0000 0000 0000 0000 0000 0000 0000
0000 0000 0000 0000 0000 0000 0000 0000
0000 0000 0000 0000 0000 0000 0000 0000
0000 0000 0000 0000 0000 0000 0000 0000
0000 0000 0000 0000 0000 0000 0000 0000
0000 0000 0000 0000 0000 0000 0000 0000
0000 0000 0000 0000 0000 0000 0000 0000
0000 0000 0000 0000 0000 0000 0000 0000
0000 0000 0000 0000 0000 0000 0000 0000
0000 0000 0000 0000 0000 0000 0000 0000
0000 0000 0000 0000 0000 0000 0000 0000
0000 0000 0000 0000 0000 0000 0000 0000
0000 0000 0000 0000 0000 0000 0000 0000
0000 0000 0000 0000 0000 0000 0000 0000
0000 0000 0000 0000 0000 0000 0000 0000
0000 0000 0000 0000 0000 0000 0000 0000
0000 0000 0000 0000 0000 0000 0000 0000
0000 0000 0000 0000 0000 0000 0000 0000
0000 0000 0000 0000 0000 0000 0000 0000
0000 0000 0000 0000 0000 0000 0000 0000
0000 0000 0000 0000 0000 0000 0000 0000
0000 0000 0000 0000 0000 0000 0000 0000
0000 0000 0000 0000 0000 0000 0000 0000
0000 0000 0000 0000 0000 0000 0000 0000
0000 0000 0000 0000 0000 0000 0000 0000
0000 0000 0000 0000 0000 0000 0000 0000
0000 0000 0000 0000 0000 0000 0000 0000
0000 0000 0000 0000 0000 0000 0000 0000
0000 0000 0000 0000 0000 0000 0000 0000
0000 0000 0000 0000 0000 0000 0000 0000
0000 0000 0000 0000 0000 0000 0000 0000
0000 0000 0000 0000 0000 0000 0000 0000
0000 0000 0000 0000 0000 0000 0000 0000
0000 0000 0000 0000 0000 0000 0000 0000
0000 0000 0000 0000 0000 0000 0000 0000
0000 0000 0000 0000 0000 0000 0000 0000
0000 0000 0000 0000 0000 0000 0000 0000
0000 0000 0000 0000 0000 0000 0000 0000
0000 0000 0000 0000 0000 0000 0000 0000
0000 0000 0000 0000 0000 0000 0000 0000
0000 0000 0000 0000 0000 0000 0000 0000
0000 0000 0000 0000 0000 0000 0000 0000
0000 0000 0000 0000 0000 0000 0000 0000
0000 0000 0000 0000 0000 0000 0000 0000
0000 0000 0000 0000 0000 0000 0000 0000
0000 0000 0000 0000 0000 0000 0000 0000
0000 0000 0000 0000 0000 0000 0000 0000
0000 0000 0000 0000 0000 0000 0000 0000
0000 0000 0000 0000 0000 0000 0000 0000
0000 0000 0000 0000 0000 0000 0000 0000
0000 0000 0000 0000 0000 0000 0000 0000
0000 0000 0000 0000 0000 0000 0000 0000
0000 0000 0000 0000 0000 0000 0000 0000
0000 0000 0000 0000 0000 0000 0000 0000
0000 0000 0000 0000 0000 0000 0000 0000
0000 0000 0000 0000 0000 0000 0000 0000
0000 0000 0000 0000 0000 0000 0000 0000
0000 0000 0000 0000 0000 0000 0000 0000
0000 0000 0000 0000 0000 0000 0000 0000
0000 0000 0000 0000 0000 0000 0000 0000
0000 0000 0000 0000 0000 0000 0000 0000
0000 0000 0000 0000 0000 0000 0000 0000
0000 0000 0000 0000 0000 0000 0000 0000
0000 0000 0000 0000 0000 0000 0000 0000
0000 0000 0000 0000 0000 0000 0000 0000
0000 0000 0000 0000 0000 0000 0000 0000
0000 0000 0000 0000 0000 0000 0000 0000
0000 0000 0000 0000 0000 0000 0000 0000
0000 0000 0000 0000 0000 0000 0000 0000
0000 0000 0000 0000 0000 0000 0000 0000
0000 0000 0000 0000 0000 0000 0000 0000
0000 0000 0000 0000 0000 0000 0000 0000
0000 0000 0000 0000 0000 0000 0000 0000
0000 0000 0000 0000 0000 0000 0000 0000
f30f 1efa 4883 ec08 488b 05d9 2f00 0048
85c0 7402 ffd0 4883 c408 c300 0000 0000
ff35 622f 0000 f2ff 2563 2f00 000f 1f00
f30f 1efa 6800 0000 00f2 e9e1 ffff ff90
f30f 1efa 6801 0000 00f2 e9d1 ffff ff90
f30f 1efa 6802 0000 00f2 e9c1 ffff ff90
f30f 1efa 6803 0000 00f2 e9b1 ffff ff90
f30f 1efa 6804 0000 00f2 e9a1 ffff ff90
f30f 1efa 6805 0000 00f2 e991 ffff ff90
f30f 1efa 6806 0000 00f2 e981 ffff ff90
f30f 1efa 6807 0000 00f2 e971 ffff ff90
f30f 1efa f2ff 253d 2f00 000f 1f44 0000
f30f 1efa f2ff 25cd 2e00 000f 1f44 0000
f30f 1efa f2ff 25c5 2e00 000f 1f44 0000
f30f 1efa f2ff 25bd 2e00 000f 1f44 0000
f30f 1efa f2ff 25b5 2e00 000f 1f44 0000
f30f 1efa f2ff 25ad 2e00 000f 1f44 0000
f30f 1efa f2ff 25a5 2e00 000f 1f44 0000
f30f 1efa f2ff 259d 2e00 000f 1f44 0000
f30f 1efa f2ff 2595 2e00 000f 1f44 0000
f30f 1efa 4154 bf00 0e27 0741 bc14 0000
0055 5348 8d1d 2603 0000 4883 ec10 6448
8b04 2528 0000 0048 8944 2408 31c0 488d
6c24 04e8 88ff ffff bf30 0000 0048 8905
9c2e 0000 e877 ffff ff48 8905 882e 0000
31c0 e839 0700 0031 c0e8 5209 0000 31c9
ba02 0000 0048 89ee 4889 dfc7 4424 0400
0000 00e8 68ff ffff 31c0 e831 0900 0031
c9ba 0200 0000 4889 ee48 89df c744 2404
0000 0000 e847 ffff ff31 c0e8 1009 0000
31c9 ba02 0000 0048 89ee 4889 dfc7 4424
0400 0000 00e8 26ff ffff 31c0 e8ef 0800
0031 c9ba 0200 0000 4889 ee48 89df c744
2404 0000 0000 e805 ffff ff31 c0e8 ce08
0000 31c9 ba02 0000 0048 89ee 4889 dfc7
4424 0400 0000 00e8 e4fe ffff 31c0 e8ad
0800 0031 c9ba 0200 0000 4889 ee48 89df
c744 2404 0000 0000 e8c3 feff ff31 c0e8
8c08 0000 31c9 ba02 0000 0048 89ee 4889
dfc7 4424 0400 0000 00e8 a2fe ffff 31c0
e86b 0800 0031 c9ba 0200 0000 4889 ee48
89df c744 2404 0000 0000 e881 feff ff31
c0e8 4a08 0000 31c9 ba02 0000 0048 89ee
4889 dfc7 4424 0400 0000 00e8 60fe ffff
31c0 e829 0800 0031 c9ba 0200 0000 4889
ee48 89df c744 2404 0000 0000 e83f feff
ff31 c0e8 0808 0000 4183 ec0a 0f85 acfe
ffff 4531 e448 8d2d 0c0d 0000 660f efc0
660f efc9 4889 eebf 0100 0000 488b 0505
2d00 004c 01e0 4983 c40c 8b50 08f3 0f5a
00f3 0f5a 4804 b802 0000 00e8 e0fd ffff
4983 fc30 75c6 31c0 ba14 0000 00bf 0100
0000 488d 35e0 0c00 00e8 c2fd ffff 488b
4424 0864 4833 0425 2800 0000 750b 4883
c410 31c0 5b5d 415c c3e8 62fd ffff 6690
f30f 1efa 0fae 5c24 fc81 4c24 fc40 8000
000f ae54 24fc c366 0f1f 8400 0000 0000
f30f 1efa 31ed 4989 d15e 4889 e248 83e4
f050 544c 8d05 460a 0000 488d 0dcf 0900
0048 8d3d 88fd ffff ff15 222c 0000 f490
488d 3d49 2c00 0048 8d05 422c 0000 4839
f874 1548 8b05 fe2b 0000 4885 c074 09ff
e00f 1f80 0000 0000 c30f 1f80 0000 0000
488d 3d19 2c00 0048 8d35 122c 0000 4829
fe48 89f0 48c1 ee3f 48c1 f803 4801 c648
d1fe 7414 488b 05d5 2b00 0048 85c0 7408
ffe0 660f 1f44 0000 c30f 1f80 0000 0000
f30f 1efa 803d d52b 0000 0075 2b55 4883
3db2 2b00 0000 4889 e574 0c48 8b3d b62b
0000 e859 fcff ffe8 64ff ffff c605 ad2b
0000 015d c30f 1f00 c30f 1f80 0000 0000
f30f 1efa e977 ffff ff0f 1f80 0000 0000
f30f 1efa 4155 4154 5553 4889 fb48 83ec
08e8 5afc ffff 89c5 e823 fcff ff89 c1b8
0400 0000 99f7 fd39 d10f 8cca 0300 000f
afc8 01ca 448d 1410 4439 d20f 8dad 0300
004c 8b1d 582b 0000 4863 f28b 2b45 31e4
4c8b 0541 2b00 0048 8d3c 7666 0fef db4d
8d0c b849 8dbb 0087 9303 4d8d 8300 0e27
0748 89f8 4c89 de0f 28cb 31c9 49bd abaa
aaaa aaaa aa2a 4c29 d80f 28c3 4883 e80c
48c1 e802 490f afc5 4883 c001 83e0 070f
84c3 0000 0048 83f8 010f 8495 0000 0048
83f8 0274 7a48 83f8 0374 5f48 83f8 0474
4448 83f8 0574 2948 83f8 0674 0e41 3b53
080f 843d 0300 0049 8d73 0c3b 5608 750c
f30f 5806 f30f 584e 0483 c101 4883 c60c
3b56 0875 0cf3 0f58 06f3 0f58 4e04 83c1
0148 83c6 0c3b 5608 750c f30f 5806 f30f
584e 0483 c101 4883 c60c 3b56 0875 0cf3
0f58 06f3 0f58 4e04 83c1 0148 83c6 0c3b
5608 750c f30f 5806 f30f 584e 0483 c101
4883 c60c 3b56 0875 0cf3 0f58 06f3 0f58
4e04 83c1 0148 83c6 0c48 39f7 0f84 a600
0000 660f 1f44 0000 3b56 0875 0cf3 0f58
06f3 0f58 4e04 83c1 0148 8d46 0c3b 5614
750d f30f 5846 0cf3 0f58 4804 83c1 013b
5014 750d f30f 5840 0cf3 0f58 4810 83c1
013b 5020 750d f30f 5840 18f3 0f58 481c
83c1 013b 502c 750d f30f 5840 24f3 0f58
4828 83c1 013b 5038 750d f30f 5840 30f3
0f58 4834 83c1 013b 5044 750d f30f 5840
3cf3 0f58 4840 83c1 013b 5050 750d f30f
5840 48f3 0f58 484c 83c1 0148 8d70 5448
39f7 0f85 60ff ffff 49bd abaa aaaa aaaa
aa2a 4c89 c048 89fe 4829 f848 83e8 0c48
c1e8 0249 0faf c548 83c0 0183 e007 0f84
bc00 0000 4883 f801 0f84 9400 0000 4883
f802 7479 4883 f803 745e 4883 f804 7443
4883 f805 7428 4883 f806 740d 3b57 080f
849e 0100 0048 8d77 0c3b 5608 750c f30f
5806 f30f 584e 0483 c101 4883 c60c 3b56
0875 0cf3 0f58 06f3 0f58 4e04 83c1 0148
83c6 0c3b 5608 750c f30f 5806 f30f 584e
0483 c101 4883 c60c 3b56 0875 0cf3 0f58
06f3 0f58 4e04 83c1 0148 83c6 0c3b 5608
750c f30f 5806 f30f 584e 0483 c101 4883
c60c 3b56 0875 0cf3 0f58 06f3 0f58 4e04
83c1 0148 83c6 0c4c 39c6 0f84 a000 0000
3b56 0875 0cf3 0f58 06f3 0f58 4e04 83c1
0148 8d46 0c3b 5614 750d f30f 5846 0cf3
0f58 4804 83c1 013b 5014 750d f30f 5840
0cf3 0f58 4810 83c1 013b 5020 750d f30f
5840 18f3 0f58 481c 83c1 013b 502c 750d
f30f 5840 24f3 0f58 4828 83c1 013b 5038
750d f30f 5840 30f3 0f58 4834 83c1 013b
5044 750d f30f 5840 3cf3 0f58 4840 83c1
013b 5050 750d f30f 5840 48f3 0f58 484c
83c1 0148 8d70 544c 39c6 0f85 60ff ffff
660f efd2 f341 0f10 21f3 0f2a d1f3 0f5e
c2f3 0f5e caf3 0f5c e00f 2fe3 750f f341
0f10 6904 f30f 5ce9 0f2f eb74 1a41 8949
0841 bc01 0000 00bd 0100 0000 f341 0f11
01f3 410f 1149 0483 c201 4983 c10c 4139
d20f 858a fcff ff45 84e4 7402 892b 4883
c408 5b5d 415c 415d c383 c001 31d2 e92c
fcff fff3 0f58 07f3 0f58 4f04 83c1 01e9
51fe ffff f341 0f10 03f3 410f 104b 04b9
0100 0000 e9ae fcff ff0f 1f80 0000 0000
f30f 1efa f30f 5cc1 31c0 0f2f 057b 0700
000f 94c0 c366 662e 0f1f 8400 0000 0000
f30f 1efa 55bf 0a00 0000 5331 db48 83ec
08e8 faf7 ffff 662e 0f1f 8400 0000 0000
e83b f8ff ff66 0fef c0f3 0f2a c0f3 0f59
053b 0700 0048 8b05 1427 0000 f30f 1104
18e8 1af8 ffff 660f efc9 488b 15ff 2600
00f3 0f2a c8f3 0f59 0d13 0700 00f3 0f11
4c1a 04e8 f8f7 ffff 660f efd2 488b 0ddd
2600 00f3 0f2a d0f3 0f59 15f1 0600 00f3
0f11 5419 0ce8 d6f7 ffff 660f efdb 488b
35bb 2600 00f3 0f2a d8f3 0f59 1dcf 0600
00f3 0f11 5c1e 10e8 b4f7 ffff 660f efe4
488b 3d99 2600 00f3 0f2a e0f3 0f59 25ad
0600 00f3 0f11 641f 18e8 92f7 ffff 660f
efed 488b 2d77 2600 00f3 0f2a e8f3 0f59
2d8b 0600 00f3 0f11 6c1d 1ce8 70f7 ffff
660f eff6 4c8b 0555 2600 00f3 0f2a f0f3
0f59 3569 0600 00f3 410f 1174 1824 e84d
f7ff ff66 0fef ff4c 8b0d 3226 0000 f30f
2af8 f30f 593d 4606 0000 f341 0f11 7c19
28e8 2af7 ffff 6645 0fef c04c 8b15 0e26
0000 f344 0f2a c0f3 440f 5905 2006 0000
f345 0f11 441a 30e8 04f7 ffff 6645 0fef
c94c 8b1d e825 0000 f344 0f2a c8f3 440f
590d fa05 0000 f345 0f11 4c1b 3448 83c3
3c48 81fb 000e 2707 0f85 92fe ffff 488b
1db3 2500 00f3 450f 1013 f345 0f10 5b04
f344 0f11 13f3 450f 1063 0cf3 440f 115b
04f3 450f 106b 10f3 440f 1163 0cf3 450f
1073 18f3 440f 116b 10f3 450f 107b 1cf3
440f 1173 18f3 410f 1043 24f3 440f 117b
1cf3 410f 104b 28c7 4308 0000 0000 c743
1400 0000 00c7 4320 0000 0000 c743 2c00
0000 00f3 0f11 4324 f30f 114b 2848 83c4
085b 5dc3 6666 2e0f 1f84 0000 0000 0090
f30f 1efa 488b 051d 2500 0048 8b35 1e25
0000 4531 d241 b901 0000 00f3 440f 1015
3005 0000 41b8 0200 0000 bf03 0000 00f3
0f10 28f3 0f10 6004 4889 f148 8d96 0087
9303 f30f 1070 0cf3 0f10 7810 f344 0f10
4018 f344 0f10 481c f30f 1050 24f3 0f10
5828 660f 1f44 0000 f344 0f10 210f 28cd
0f28 c444 0f28 f6f3 440f 1059 0444 0f28
ef44 8b59 0845 0f28 f9f3 410f 5ccc f345
0f5c f4f3 410f 5cc3 f345 0f5c ebf3 450f
5cfb f30f 59c9 f30f 59c0 f345 0f59 f6f3
450f 59ed f345 0f59 fff3 0f58 c10f 2f05
9004 0000 410f 28c8 f341 0f5c ccf3 450f
58f5 f341 0f5d c245 0f42 daf3 0f59 c944
0f2f f0f3 410f 5dc6 440f 28f2 f345 0f5c
f444 0f28 e3f3 450f 5ce3 450f 42d9 f341
0f58 cff3 450f 59f6 450f 28dc f345 0f59
dc0f 2fc8 f30f 5dc1 450f 42d8 f345 0f58
f344 0f2f f044 0f42 df48 83c1 0c44 8959
fc48 39ca 0f85 2eff ffff 488d 8e00 0e27
0745 31d2 be03 0000 0041 b901 0000 0041
b802 0000 000f 1f00 f344 0f10 3a44 0f28
ed0f 28c4 440f 28f6 f344 0f10 6204 0f28
cf8b 4208 450f 28d9 f345 0f5c eff3 450f
5cf7 f341 0f5c c4f3 410f 5ccc f345 0f5c
dcf3 450f 59ed f30f 59c0 f30f 59c9 f345
0f59 f6f3 450f 59db f341 0f58 c50f 2f05
a003 0000 f344 0f58 f10f 28ca f341 0f5d
c241 0f42 c2f3 410f 5ccf f30f 59c9 440f
2ff0 440f 28e8 410f 28c0 f345 0f5d eef3
410f 5cc7 410f 42c1 f30f 59c0 f341 0f58
c344 0f28 dbf3 450f 5cdc 410f 2fc5 f341
0f5d c545 0f28 fbf3 450f 59fb 410f 42c0
f341 0f58 cf0f 2fc8 0f42 c648 83c2 0c89
42fc 4839 d10f 852d ffff ffc3 0f1f 4000
f30f 1efa 4883 ec18 31c9 ba02 0000 0064
488b 0425 2800 0000 4889 4424 0831 c048
8d74 2404 488d 3d35 f7ff ffc7 4424 0400
0000 00e8 c8f3 ffff 488b 4424 0864 4833
0425 2800 0000 7505 4883 c418 c3e8 5ef3
ffff 662e 0f1f 8400 0000 0000 0f1f 4000
f30f 1efa 4157 4c8d 3ddb 1f00 0041 5649
89d6 4155 4989 f541 5441 89fc 5548 8d2d
d41f 0000 534c 29fd 4883 ec08 e84f f2ff
ff48 c1fd 0374 1f31 db0f 1f80 0000 0000
4c89 f24c 89ee 4489 e741 ff14 df48 83c3
0148 39dd 75ea 4883 c408 5b5d 415c 415d
415e 415f c366 662e 0f1f 8400 0000 0000
f30f 1efa c300 0000 f30f 1efa 4883 ec08
4883 c408 c300 0000 0000 0000 0000 0000
0000 0000 0000 0000 0000 0000 0000 0000
0000 0000 0000 0000 0000 0000 0000 0000
0000 0000 0000 0000 0000 0000 0000 0000
0000 0000 0000 0000 0000 0000 0000 0000
0000 0000 0000 0000 0000 0000 0000 0000
0000 0000 0000 0000 0000 0000 0000 0000
0000 0000 0000 0000 0000 0000 0000 0000
0000 0000 0000 0000 0000 0000 0000 0000
0000 0000 0000 0000 0000 0000 0000 0000
0000 0000 0000 0000 0000 0000 0000 0000
0000 0000 0000 0000 0000 0000 0000 0000
0000 0000 0000 0000 0000 0000 0000 0000
0000 0000 0000 0000 0000 0000 0000 0000
0000 0000 0000 0000 0000 0000 0000 0000
0000 0000 0000 0000 0000 0000 0000 0000
0000 0000 0000 0000 0000 0000 0000 0000
0000 0000 0000 0000 0000 0000 0000 0000
0000 0000 0000 0000 0000 0000 0000 0000
0000 0000 0000 0000 0000 0000 0000 0000
0000 0000 0000 0000 0000 0000 0000 0000
0000 0000 0000 0000 0000 0000 0000 0000
0000 0000 0000 0000 0000 0000 0000 0000
0000 0000 0000 0000 0000 0000 0000 0000
0000 0000 0000 0000 0000 0000 0000 0000
0000 0000 0000 0000 0000 0000 0000 0000
0000 0000 0000 0000 0000 0000 0000 0000
0000 0000 0000 0000 0000 0000 0000 0000
0000 0000 0000 0000 0000 0000 0000 0000
0000 0000 0000 0000 0000 0000 0000 0000
0000 0000 0000 0000 0000 0000 0000 0000
0000 0000 0000 0000 0000 0000 0000 0000
0100 0200 0000 0000 4365 6e74 6572 3a20
2825 2e33 662c 2025 2e33 6629 203a 2053
697a 653a 2025 690a 0049 7465 7261 7469
6f6e 733a 2025 640a 0000 0000 0000 0000
0000 0030 286b 6e4e 011b 033b 7400 0000
0d00 0000 d8ef ffff a800 0000 68f0 ffff
d000 0000 78f0 ffff e800 0000 f8f0 ffff
ac01 0000 28f3 ffff 4002 0000 48f3 ffff
9000 0000 38f4 ffff 0001 0000 68f8 ffff
3c01 0000 88f8 ffff 5001 0000 a8fa ffff
7c01 0000 d8fc ffff 9001 0000 38fd ffff
e001 0000 a8fd ffff 2802 0000 0000 0000
1400 0000 0000 0000 017a 5200 0178 1001
1b0c 0708 9001 0000 1400 0000 1c00 0000
b0f2 ffff 2f00 0000 0044 0710 0000 0000
2400 0000 3400 0000 28ef ffff 9000 0000
000e 1046 0e18 4a0f 0b77 0880 003f 1a3a
2a33 2422 0000 0000 1400 0000 5c00 0000
90ef ffff 1000 0000 0000 0000 0000 0000
1400 0000 7400 0000 88ef ffff 8000 0000
0000 0000 0000 0000 3800 0000 8c00 0000
30f3 ffff 2904 0000 0046 0e10 8d02 420e
188c 0341 0e20 8604 410e 2883 0547 0e30
03e1 030a 0e28 410e 2041 0e18 420e 1042
0e08 410b 1000 0000 c800 0000 24f7 ffff
1500 0000 0000 0000 2800 0000 dc00 0000
30f7 ffff 1402 0000 0045 0e10 8602 460e
1883 0346 0e20 0300 020e 1841 0e10 410e
0800 0000 1000 0000 0801 0000 24f9 ffff
2c02 0000 0000 0000 1800 0000 1c01 0000
40fb ffff 5200 0000 0048 0e20 0244 0a0e
0841 0b00 3000 0000 3801 0000 44ef ffff
2e02 0000 0046 0e10 8c02 4c0e 1886 0341
0e20 8304 4b0e 3003 0402 0a0e 2043 0e18
410e 1042 0e08 410b 4400 0000 6c01 0000
50fb ffff 6500 0000 0046 0e10 8f02 490e
188e 0345 0e20 8d04 450e 288c 0544 0e30
8606 480e 3883 0747 0e40 6e0e 3841 0e30
410e 2842 0e20 420e 1842 0e10 420e 0800
1400 0000 b401 0000 78fb ffff 0500 0000
0000 0000 0000 0000 1000 0000 cc01 0000
e0f0 ffff 1700 0000 0000 0000 0000 0000
0000 0000 0000 0000 0000 0000 0000 0000
0000 0000 0000 0000 0000 0000 0000 0000
0000 0000 0000 0000 0000 0000 0000 0000
0000 0000 0000 0000 0000 0000 0000 0000
0000 0000 0000 0000 0000 0000 0000 0000
0000 0000 0000 0000 0000 0000 0000 0000
0000 0000 0000 0000 0000 0000 0000 0000
0000 0000 0000 0000 0000 0000 0000 0000
0000 0000 0000 0000 0000 0000 0000 0000
0000 0000 0000 0000 0000 0000 0000 0000
0000 0000 0000 0000 0000 0000 0000 0000
0000 0000 0000 0000 0000 0000 0000 0000
0000 0000 0000 0000 0000 0000 0000 0000
0000 0000 0000 0000 0000 0000 0000 0000
0000 0000 0000 0000 0000 0000 0000 0000
0000 0000 0000 0000 0000 0000 0000 0000
0000 0000 0000 0000 0000 0000 0000 0000
0000 0000 0000 0000 0000 0000 0000 0000
0000 0000 0000 0000 0000 0000 0000 0000
0000 0000 0000 0000 0000 0000 0000 0000
0000 0000 0000 0000 0000 0000 0000 0000
0000 0000 0000 0000 0000 0000 0000 0000
0000 0000 0000 0000 0000 0000 0000 0000
0000 0000 0000 0000 0000 0000 0000 0000
0000 0000 0000 0000 0000 0000 0000 0000
0000 0000 0000 0000 0000 0000 0000 0000
0000 0000 0000 0000 0000 0000 0000 0000
0000 0000 0000 0000 0000 0000 0000 0000
0000 0000 0000 0000 0000 0000 0000 0000
0000 0000 0000 0000 0000 0000 0000 0000
0000 0000 0000 0000 0000 0000 0000 0000
0000 0000 0000 0000 0000 0000 0000 0000
0000 0000 0000 0000 0000 0000 0000 0000
0000 0000 0000 0000 0000 0000 0000 0000
0000 0000 0000 0000 0000 0000 0000 0000
0000 0000 0000 0000 0000 0000 0000 0000
0000 0000 0000 0000 0000 0000 0000 0000
0000 0000 0000 0000 0000 0000 0000 0000
0000 0000 0000 0000 0000 0000 0000 0000
0000 0000 0000 0000 0000 0000 0000 0000
0000 0000 0000 0000 0000 0000 0000 0000
0000 0000 0000 0000 0000 0000 0000 0000
0000 0000 0000 0000 0000 0000 0000 0000
0000 0000 0000 0000 0000 0000 0000 0000
0000 0000 0000 0000 0000 0000 0000 0000
0000 0000 0000 0000 0000 0000 0000 0000
0000 0000 0000 0000 0000 0000 0000 0000
0000 0000 0000 0000 0000 0000 0000 0000
0000 0000 0000 0000 0000 0000 0000 0000
0000 0000 0000 0000 0000 0000 0000 0000
0000 0000 0000 0000 0000 0000 0000 0000
0000 0000 0000 0000 0000 0000 0000 0000
0000 0000 0000 0000 0000 0000 0000 0000
0000 0000 0000 0000 0000 0000 0000 0000
0000 0000 0000 0000 0000 0000 0000 0000
0000 0000 0000 0000 0000 0000 0000 0000
0000 0000 0000 0000 0000 0000 0000 0000
0000 0000 0000 0000 0000 0000 0000 0000
0000 0000 0000 0000 0000 0000 0000 0000
0000 0000 0000 0000 0000 0000 0000 0000
0000 0000 0000 0000 0000 0000 0000 0000
0000 0000 0000 0000 0000 0000 0000 0000
0000 0000 0000 0000 0000 0000 0000 0000
0000 0000 0000 0000 0000 0000 0000 0000
0000 0000 0000 0000 0000 0000 0000 0000
0000 0000 0000 0000 0000 0000 0000 0000
0000 0000 0000 0000 0000 0000 0000 0000
0000 0000 0000 0000 0000 0000 0000 0000
0000 0000 0000 0000 0000 0000 0000 0000
0000 0000 0000 0000 0000 0000 0000 0000
0000 0000 0000 0000 0000 0000 0000 0000
0000 0000 0000 0000 0000 0000 0000 0000
0000 0000 0000 0000 0000 0000 0000 0000
0000 0000 0000 0000 0000 0000 0000 0000
0000 0000 0000 0000 0000 0000 0000 0000
0000 0000 0000 0000 0000 0000 0000 0000
0000 0000 0000 0000 0000 0000 0000 0000
0000 0000 0000 0000 0000 0000 0000 0000
0000 0000 0000 0000 0000 0000 0000 0000
0000 0000 0000 0000 0000 0000 0000 0000
0000 0000 0000 0000 0000 0000 0000 0000
0000 0000 0000 0000 0000 0000 0000 0000
0000 0000 0000 0000 0000 0000 0000 0000
0000 0000 0000 0000 0000 0000 0000 0000
0000 0000 0000 0000 0000 0000 0000 0000
0000 0000 0000 0000 0000 0000 0000 0000
0000 0000 0000 0000 0000 0000 0000 0000
0000 0000 0000 0000 0000 0000 0000 0000
0000 0000 0000 0000 0000 0000 0000 0000
0000 0000 0000 0000 0000 0000 0000 0000
0000 0000 0000 0000 0000 0000 0000 0000
0000 0000 0000 0000 0000 0000 0000 0000
0000 0000 0000 0000 0000 0000 0000 0000
0000 0000 0000 0000 0000 0000 0000 0000
0000 0000 0000 0000 0000 0000 0000 0000
0000 0000 0000 0000 0000 0000 0000 0000
0000 0000 0000 0000 0000 0000 0000 0000
0000 0000 0000 0000 0000 0000 0000 0000
0000 0000 0000 0000 0000 0000 0000 0000
0000 0000 0000 0000 0000 0000 0000 0000
0000 0000 0000 0000 0000 0000 0000 0000
0000 0000 0000 0000 0000 0000 0000 0000
0000 0000 0000 0000 0000 0000 0000 0000
0000 0000 0000 0000 0000 0000 0000 0000
0000 0000 0000 0000 0000 0000 0000 0000
0000 0000 0000 0000 0000 0000 0000 0000
0000 0000 0000 0000 0000 0000 0000 0000
0000 0000 0000 0000 0000 0000 0000 0000
0000 0000 0000 0000 0000 0000 0000 0000
0000 0000 0000 0000 0000 0000 0000 0000
0000 0000 0000 0000 0000 0000 0000 0000
0000 0000 0000 0000 0000 0000 0000 0000
0000 0000 0000 0000 0000 0000 0000 0000
0000 0000 0000 0000 0000 0000 0000 0000
0000 0000 0000 0000 0000 0000 0000 0000
0000 0000 0000 0000 0000 0000 0000 0000
0000 0000 0000 0000 0000 0000 0000 0000
0000 0000 0000 0000 0000 0000 0000 0000
0000 0000 0000 0000 0000 0000 0000 0000
0000 0000 0000 0000 0000 0000 0000 0000
0000 0000 0000 0000 0000 0000 0000 0000
0000 0000 0000 0000 0000 0000 0000 0000
0000 0000 0000 0000 0000 0000 0000 0000
0000 0000 0000 0000 0000 0000 0000 0000
0000 0000 0000 0000 0000 0000 0000 0000
0000 0000 0000 0000 0000 0000 0000 0000
0000 0000 0000 0000 0000 0000 0000 0000
0000 0000 0000 0000 0000 0000 0000 0000
0000 0000 0000 0000 0000 0000 0000 0000
0000 0000 0000 0000 0000 0000 0000 0000
0000 0000 0000 0000 0000 0000 0000 0000
0000 0000 0000 0000 0000 0000 0000 0000
0000 0000 0000 0000 0000 0000 0000 0000
0000 0000 0000 0000 0000 0000 0000 0000
0000 0000 0000 0000 0000 0000 0000 0000
0000 0000 0000 0000 0000 0000 0000 0000
0000 0000 0000 0000 0000 0000 0000 0000
0000 0000 0000 0000 0000 0000 0000 0000
0000 0000 0000 0000 0000 0000 0000 0000
0000 0000 0000 0000 0000 0000 0000 0000
0000 0000 0000 0000 0000 0000 0000 0000
0000 0000 0000 0000 0000 0000 0000 0000
0000 0000 0000 0000 0000 0000 0000 0000
0000 0000 0000 0000 0000 0000 0000 0000
0000 0000 0000 0000 0000 0000 0000 0000
0000 0000 0000 0000 0000 0000 0000 0000
0000 0000 0000 0000 0000 0000 0000 0000
0000 0000 0000 0000 0000 0000 0000 0000
0000 0000 0000 0000 0000 0000 0000 0000
0000 0000 0000 0000 0000 0000 0000 0000
0000 0000 0000 0000 0000 0000 0000 0000
0000 0000 0000 0000 0000 0000 0000 0000
0000 0000 0000 0000 0000 0000 0000 0000
0000 0000 0000 0000 0000 0000 0000 0000
0000 0000 0000 0000 0000 0000 0000 0000
0000 0000 0000 0000 0000 0000 0000 0000
0000 0000 0000 0000 0000 0000 0000 0000
0000 0000 0000 0000 0000 0000 0000 0000
0000 0000 0000 0000 0000 0000 0000 0000
0000 0000 0000 0000 0000 0000 0000 0000
0000 0000 0000 0000 0000 0000 0000 0000
0000 0000 0000 0000 0000 0000 0000 0000
0000 0000 0000 0000 0000 0000 0000 0000
0000 0000 0000 0000 0000 0000 0000 0000
0000 0000 0000 0000 0000 0000 0000 0000
0000 0000 0000 0000 0000 0000 0000 0000
0000 0000 0000 0000 0000 0000 0000 0000
0000 0000 0000 0000 0000 0000 0000 0000
0000 0000 0000 0000 0000 0000 0000 0000
0000 0000 0000 0000 0000 0000 0000 0000
0000 0000 0000 0000 0000 0000 0000 0000
0000 0000 0000 0000 0000 0000 0000 0000
0000 0000 0000 0000 7014 0000 0000 0000
7013 0000 0000 0000 3014 0000 0000 0000
0100 0000 0000 0000 0100 0000 0000 0000
0100 0000 0000 0000 8800 0000 0000 0000
0c00 0000 0000 0000 0010 0000 0000 0000
0d00 0000 0000 0000 f81d 0000 0000 0000
1900 0000 0000 0000 683d 0000 0000 0000
1b00 0000 0000 0000 1000 0000 0000 0000
1a00 0000 0000 0000 783d 0000 0000 0000
1c00 0000 0000 0000 0800 0000 0000 0000
f5fe ff6f 0000 0000 a003 0000 0000 0000
0500 0000 0000 0000 1805 0000 0000 0000
0600 0000 0000 0000 c803 0000 0000 0000
0a00 0000 0000 0000 1101 0000 0000 0000
0b00 0000 0000 0000 1800 0000 0000 0000
1500 0000 0000 0000 0000 0000 0000 0000
0300 0000 0000 0000 803f 0000 0000 0000
0200 0000 0000 0000 c000 0000 0000 0000
1400 0000 0000 0000 0700 0000 0000 0000
1700 0000 0000 0000 9007 0000 0000 0000
0700 0000 0000 0000 b806 0000 0000 0000
0800 0000 0000 0000 d800 0000 0000 0000
0900 0000 0000 0000 1800 0000 0000 0000
1e00 0000 0000 0000 0800 0000 0000 0000
fbff ff6f 0000 0000 0100 0008 0000 0000
feff ff6f 0000 0000 4806 0000 0000 0000
ffff ff6f 0000 0000 0200 0000 0000 0000
f0ff ff6f 0000 0000 2a06 0000 0000 0000
f9ff ff6f 0000 0000 0400 0000 0000 0000
0000 0000 0000 0000 0000 0000 0000 0000
0000 0000 0000 0000 0000 0000 0000 0000
0000 0000 0000 0000 0000 0000 0000 0000
0000 0000 0000 0000 0000 0000 0000 0000
0000 0000 0000 0000 0000 0000 0000 0000
803d 0000 0000 0000 0000 0000 0000 0000
0000 0000 0000 0000 3010 0000 0000 0000
4010 0000 0000 0000 5010 0000 0000 0000
6010 0000 0000 0000 7010 0000 0000 0000
8010 0000 0000 0000 9010 0000 0000 0000
a010 0000 0000 0000 0000 0000 0000 0000
0000 0000 0000 0000 0000 0000 0000 0000
0000 0000 0000 0000 0000 0000 0000 0000
0000 0000 0000 0000 0840 0000 0000 0000
4743 433a 2028 5562 756e 7475 2039 2e34
2e30 2d31 7562 756e 7475 317e 3230 2e30
342e 3129 2039 2e34 2e30 002c 0000 0002
0000 0000 0008 0000 0000 0070 1300 0000
0000 0017 0000 0000 0000 0000 0000 0000
0000 0000 0000 0000 0000 0060 0000 0004
0000 0000 0008 018d 0000 000c 1300 0000
4f00 0000 0000 0000 0000 0000 0000 0000
0000 0000 0241 0000 0001 5301 7013 0000
0000 0000 1700 0000 0000 0000 019c 5c00
0000 030d 0000 0001 5e10 5c00 0000 0600
0000 0000 0000 0004 0407 0000 0000 0001
1101 250e 130b 030e 1b0e 5517 1101 1017
0000 022e 0103 0e3a 0b3b 0b39 0b27 1911
0112 0740 1897 4219 0113 0000 0334 0003
0e3a 0b3b 0b39 0b49 1302 17b7 4217 0000
0424 000b 0b3e 0b03 0e00 0000 7300 0000
0300 4400 0000 0101 fb0e 0d00 0101 0101
0000 0001 0000 012e 2e2f 2e2e 2f2e 2e2f
7372 632f 6c69 6267 6363 2f63 6f6e 6669
672f 6933 3836 0000 6372 7466 6173 746d
6174 682e 6300 0100 0000 0501 0009 0270
1300 0000 0000 0003 d300 0105 0303 0a4a
0518 0601 0503 0659 1306 8205 015a 0201
0001 0175 6e73 6967 6e65 6420 696e 7400
6d78 6373 7200 2e2e 2f2e 2e2f 2e2e 2f73
7263 2f6c 6962 6763 632f 636f 6e66 6967
2f69 3338 362f 6372 7466 6173 746d 6174
682e 6300 7365 745f 6661 7374 5f6d 6174
6800 2f62 7569 6c64 2f67 6363 2d39 2d41
7633 7545 642f 6763 632d 392d 392e 342e
302f 6275 696c 642f 7838 365f 3634 2d6c
696e 7578 2d67 6e75 2f6c 6962 6763 6300
474e 5520 4331 3720 392e 342e 3020 2d6d
6c6f 6e67 2d64 6f75 626c 652d 3830 202d
6d74 756e 653d 6765 6e65 7269 6320 2d6d
6172 6368 3d78 3836 2d36 3420 2d67 202d
6720 2d67 202d 4f32 202d 4f32 202d 4f32
202d 6662 7569 6c64 696e 672d 6c69 6267
6363 202d 666e 6f2d 7374 6163 6b2d 7072
6f74 6563 746f 7220 2d66 7069 6320 2d66
6173 796e 6368 726f 6e6f 7573 2d75 6e77
696e 642d 7461 626c 6573 202d 6673 7461
636b 2d63 6c61 7368 2d70 726f 7465 6374
696f 6e20 2d66 6366 2d70 726f 7465 6374
696f 6e00 0001 0100 0000 7913 0000 0000
0000 7913 0000 0000 0000 0200 9174 7913
0000 0000 0000 8113 0000 0000 0000 0900
9174 9404 0a40 8021 9f81 1300 0000 0000
0087 1300 0000 0000 0002 0091 7400 0000
0000 0000 0000 0000 0000 0000 0070 1300
0000 0000 0087 1300 0000 0000 0000 0000
0000 0000 0000 0000 0000 0000 0000 0000
0000 0000 0000 0000 0000 0000 0000 0000
0000 0000 0000 0000 0000 0000 0300 0100
1803 0000 0000 0000 0000 0000 0000 0000
0000 0000 0300 0200 3803 0000 0000 0000
0000 0000 0000 0000 0000 0000 0300 0300
5803 0000 0000 0000 0000 0000 0000 0000
0000 0000 0300 0400 7c03 0000 0000 0000
0000 0000 0000 0000 0000 0000 0300 0500
a003 0000 0000 0000 0000 0000 0000 0000
0000 0000 0300 0600 c803 0000 0000 0000
0000 0000 0000 0000 0000 0000 0300 0700
1805 0000 0000 0000 0000 0000 0000 0000
0000 0000 0300 0800 2a06 0000 0000 0000
0000 0000 0000 0000 0000 0000 0300 0900
4806 0000 0000 0000 0000 0000 0000 0000
0000 0000 0300 0a00 b806 0000 0000 0000
0000 0000 0000 0000 0000 0000 0300 0b00
9007 0000 0000 0000 0000 0000 0000 0000
0000 0000 0300 0c00 0010 0000 0000 0000
0000 0000 0000 0000 0000 0000 0300 0d00
2010 0000 0000 0000 0000 0000 0000 0000
0000 0000 0300 0e00 b010 0000 0000 0000
0000 0000 0000 0000 0000 0000 0300 0f00
c010 0000 0000 0000 0000 0000 0000 0000
0000 0000 0300 1000 4011 0000 0000 0000
0000 0000 0000 0000 0000 0000 0300 1100
f81d 0000 0000 0000 0000 0000 0000 0000
0000 0000 0300 1200 0020 0000 0000 0000
0000 0000 0000 0000 0000 0000 0300 1300
4820 0000 0000 0000 0000 0000 0000 0000
0000 0000 0300 1400 c020 0000 0000 0000
0000 0000 0000 0000 0000 0000 0300 1500
683d 0000 0000 0000 0000 0000 0000 0000
0000 0000 0300 1600 783d 0000 0000 0000
0000 0000 0000 0000 0000 0000 0300 1700
803d 0000 0000 0000 0000 0000 0000 0000
0000 0000 0300 1800 803f 0000 0000 0000
0000 0000 0000 0000 0000 0000 0300 1900
0040 0000 0000 0000 0000 0000 0000 0000
0000 0000 0300 1a00 1040 0000 0000 0000
0000 0000 0000 0000 0000 0000 0300 1b00
0000 0000 0000 0000 0000 0000 0000 0000
0000 0000 0300 1c00 0000 0000 0000 0000
0000 0000 0000 0000 0000 0000 0300 1d00
0000 0000 0000 0000 0000 0000 0000 0000
0000 0000 0300 1e00 0000 0000 0000 0000
0000 0000 0000 0000 0000 0000 0300 1f00
0000 0000 0000 0000 0000 0000 0000 0000
0000 0000 0300 2000 0000 0000 0000 0000
0000 0000 0000 0000 0000 0000 0300 2100
0000 0000 0000 0000 0000 0000 0000 0000
0000 0000 0300 2200 0000 0000 0000 0000
0000 0000 0000 0000 0100 0000 0400 f1ff
0000 0000 0000 0000 0000 0000 0000 0000
1800 0000 0200 1000 8014 0000 0000 0000
2904 0000 0000 0000 2700 0000 0400 f1ff
0000 0000 0000 0000 0000 0000 0000 0000
3500 0000 0200 1000 7013 0000 0000 0000
1700 0000 0000 0000 4300 0000 0400 f1ff
0000 0000 0000 0000 0000 0000 0000 0000
4e00 0000 0200 1000 c013 0000 0000 0000
0000 0000 0000 0000 5000 0000 0200 1000
f013 0000 0000 0000 0000 0000 0000 0000
6300 0000 0200 1000 3014 0000 0000 0000
0000 0000 0000 0000 7900 0000 0100 1a00
1040 0000 0000 0000 0100 0000 0000 0000
8800 0000 0100 1600 783d 0000 0000 0000
0000 0000 0000 0000 af00 0000 0200 1000
7014 0000 0000 0000 0000 0000 0000 0000
bb00 0000 0100 1500 683d 0000 0000 0000
0000 0000 0000 0000 da00 0000 0400 f1ff
0000 0000 0000 0000 0000 0000 0000 0000
4300 0000 0400 f1ff 0000 0000 0000 0000
0000 0000 0000 0000 e900 0000 0100 1400
9c22 0000 0000 0000 0000 0000 0000 0000
da00 0000 0400 f1ff 0000 0000 0000 0000
0000 0000 0000 0000 0000 0000 0400 f1ff
0000 0000 0000 0000 0000 0000 0000 0000
f700 0000 0000 1500 783d 0000 0000 0000
0000 0000 0000 0000 0801 0000 0100 1700
803d 0000 0000 0000 0000 0000 0000 0000
1101 0000 0000 1500 683d 0000 0000 0000
0000 0000 0000 0000 2401 0000 0000 1300
4820 0000 0000 0000 0000 0000 0000 0000
3701 0000 0100 1800 803f 0000 0000 0000
0000 0000 0000 0000 8102 0000 0200 0c00
0010 0000 0000 0000 0000 0000 0000 0000
4d01 0000 1200 1000 f01d 0000 0000 0000
0500 0000 0000 0000 5d01 0000 2000 0000
0000 0000 0000 0000 0000 0000 0000 0000
1002 0000 2000 1900 0040 0000 0000 0000
0000 0000 0000 0000 7901 0000 1000 1900
1040 0000 0000 0000 0000 0000 0000 0000
8001 0000 1200 0000 0000 0000 0000 0000
0000 0000 0000 0000 5701 0000 1202 1100
f81d 0000 0000 0000 0000 0000 0000 0000
9c01 0000 1200 1000 b018 0000 0000 0000
1500 0000 0000 0000 a501 0000 1100 1a00
1840 0000 0000 0000 0800 0000 0000 0000
ad01 0000 1200 0000 0000 0000 0000 0000
0000 0000 0000 0000 c901 0000 1102 1300
4820 0000 0000 0000 0000 0000 0000 0000
dc01 0000 1200 0000 0000 0000 0000 0000
0000 0000 0000 0000 fb01 0000 1200 0000
0000 0000 0000 0000 0000 0000 0000 0000
0e02 0000 1000 1900 0040 0000 0000 0000
0000 0000 0000 0000 1b02 0000 1200 0000
0000 0000 0000 0000 0000 0000 0000 0000
3802 0000 1102 1300 4820 0000 0000 0000
0000 0000 0000 0000 4c02 0000 2000 0000
0000 0000 0000 0000 0000 0000 0000 0000
5b02 0000 1102 1900 0840 0000 0000 0000
0000 0000 0000 0000 6802 0000 1100 1200
0020 0000 0000 0000 0400 0000 0000 0000
7702 0000 1200 1000 801d 0000 0000 0000
6500 0000 0000 0000 8702 0000 1200 0000
0000 0000 0000 0000 0000 0000 0000 0000
4702 0000 1000 1a00 2840 0000 0000 0000
0000 0000 0000 0000 1402 0000 1200 1000
9013 0000 0000 0000 2f00 0000 0000 0000
9b02 0000 1000 1a00 1040 0000 0000 0000
0000 0000 0000 0000 a702 0000 1200 1000
4011 0000 0000 0000 2e02 0000 0000 0000
ac02 0000 1200 0000 0000 0000 0000 0000
0000 0000 0000 0000 c602 0000 1200 1000
f01a 0000 0000 0000 2c02 0000 0000 0000
ce02 0000 1100 1a00 2040 0000 0000 0000
0800 0000 0000 0000 d402 0000 1200 1000
201d 0000 0000 0000 5200 0000 0000 0000
d902 0000 1102 1900 1040 0000 0000 0000
0000 0000 0000 0000 e502 0000 1102 1300
4820 0000 0000 0000 0000 0000 0000 0000
f902 0000 1102 1300 4820 0000 0000 0000
0000 0000 0000 0000 0e03 0000 2000 0000
0000 0000 0000 0000 0000 0000 0000 0000
2803 0000 1200 0000 0000 0000 0000 0000
0000 0000 0000 0000 4003 0000 2200 0000
0000 0000 0000 0000 0000 0000 0000 0000
fc01 0000 1200 0000 0000 0000 0000 0000
0000 0000 0000 0000 5c03 0000 1200 1000
d018 0000 0000 0000 1402 0000 0000 0000
006b 5f6d 6561 6e73 5f77 6974 685f 3173
745f 6f70 742e 6300 6d65 616e 2e5f 6f6d
705f 666e 2e30 0063 7274 6661 7374 6d61
7468 2e63 0073 6574 5f66 6173 745f 6d61
7468 0063 7274 7374 7566 662e 6300 6465
7265 6769 7374 6572 5f74 6d5f 636c 6f6e
6573 005f 5f64 6f5f 676c 6f62 616c 5f64
746f 7273 5f61 7578 0063 6f6d 706c 6574
6564 2e38 3036 3100 5f5f 646f 5f67 6c6f
6261 6c5f 6474 6f72 735f 6175 785f 6669
6e69 5f61 7272 6179 5f65 6e74 7279 0066
7261 6d65 5f64 756d 6d79 005f 5f66 7261
6d65 5f64 756d 6d79 5f69 6e69 745f 6172
7261 795f 656e 7472 7900 6f66 666c 6f61
6473 7475 6666 2e63 005f 5f46 5241 4d45
5f45 4e44 5f5f 005f 5f69 6e69 745f 6172
7261 795f 656e 6400 5f44 594e 414d 4943
005f 5f69 6e69 745f 6172 7261 795f 7374
6172 7400 5f5f 474e 555f 4548 5f46 5241
4d45 5f48 4452 005f 474c 4f42 414c 5f4f
4646 5345 545f 5441 424c 455f 005f 5f6c
6962 635f 6373 755f 6669 6e69 005f 4954
4d5f 6465 7265 6769 7374 6572 544d 436c
6f6e 6554 6162 6c65 005f 6564 6174 6100
6f6d 705f 6765 745f 7468 7265 6164 5f6e
756d 4040 4f4d 505f 312e 3000 636f 6d70
6172 6172 0063 6c75 7374 6572 005f 5f73
7461 636b 5f63 686b 5f66 6169 6c40 4047
4c49 4243 5f32 2e34 005f 5f6f 6666 6c6f
6164 5f76 6172 735f 656e 6400 5f5f 6c69
6263 5f73 7461 7274 5f6d 6169 6e40 4047
4c49 4243 5f32 2e32 2e35 0073 7261 6e64
4040 474c 4942 435f 322e 322e 3500 5f5f
6461 7461 5f73 7461 7274 006f 6d70 5f67
6574 5f6e 756d 5f74 6872 6561 6473 4040
4f4d 505f 312e 3000 5f5f 6f66 666c 6f61
645f 6675 6e63 735f 656e 6400 5f5f 676d
6f6e 5f73 7461 7274 5f5f 005f 5f64 736f
5f68 616e 646c 6500 5f49 4f5f 7374 6469
6e5f 7573 6564 005f 5f6c 6962 635f 6373
755f 696e 6974 006d 616c 6c6f 6340 4047
4c49 4243 5f32 2e32 2e35 005f 5f62 7373
5f73 7461 7274 006d 6169 6e00 5f5f 7072
696e 7466 5f63 686b 4040 474c 4942 435f
322e 332e 3400 636f 6c6f 6361 7200 706f
6e74 6f00 6d65 616e 005f 5f54 4d43 5f45
4e44 5f5f 005f 5f6f 6666 6c6f 6164 5f76
6172 5f74 6162 6c65 005f 5f6f 6666 6c6f
6164 5f66 756e 635f 7461 626c 6500 5f49
544d 5f72 6567 6973 7465 7254 4d43 6c6f
6e65 5461 626c 6500 474f 4d50 5f70 6172
616c 6c65 6c40 4047 4f4d 505f 342e 3000
5f5f 6378 615f 6669 6e61 6c69 7a65 4040
474c 4942 435f 322e 322e 3500 696e 6963
6961 6c69 7a61 0000 2e73 796d 7461 6200
2e73 7472 7461 6200 2e73 6873 7472 7461
6200 2e69 6e74 6572 7000 2e6e 6f74 652e
676e 752e 7072 6f70 6572 7479 002e 6e6f
7465 2e67 6e75 2e62 7569 6c64 2d69 6400
2e6e 6f74 652e 4142 492d 7461 6700 2e67
6e75 2e68 6173 6800 2e64 796e 7379 6d00
2e64 796e 7374 7200 2e67 6e75 2e76 6572
7369 6f6e 002e 676e 752e 7665 7273 696f
6e5f 7200 2e72 656c 612e 6479 6e00 2e72
656c 612e 706c 7400 2e69 6e69 7400 2e70
6c74 2e67 6f74 002e 706c 742e 7365 6300
2e74 6578 7400 2e66 696e 6900 2e72 6f64
6174 6100 2e65 685f 6672 616d 655f 6864
7200 2e65 685f 6672 616d 6500 2e69 6e69
745f 6172 7261 7900 2e66 696e 695f 6172
7261 7900 2e64 796e 616d 6963 002e 6461
7461 002e 6273 7300 2e63 6f6d 6d65 6e74
002e 6465 6275 675f 6172 616e 6765 7300
2e64 6562 7567 5f69 6e66 6f00 2e64 6562
7567 5f61 6262 7265 7600 2e64 6562 7567
5f6c 696e 6500 2e64 6562 7567 5f73 7472
002e 6465 6275 675f 6c6f 6300 2e64 6562
7567 5f72 616e 6765 7300 0000 0000 0000
0000 0000 0000 0000 0000 0000 0000 0000
0000 0000 0000 0000 0000 0000 0000 0000
0000 0000 0000 0000 0000 0000 0000 0000
0000 0000 0000 0000 0000 0000 0000 0000
1b00 0000 0100 0000 0200 0000 0000 0000
1803 0000 0000 0000 1803 0000 0000 0000
1c00 0000 0000 0000 0000 0000 0000 0000
0100 0000 0000 0000 0000 0000 0000 0000
2300 0000 0700 0000 0200 0000 0000 0000
3803 0000 0000 0000 3803 0000 0000 0000
2000 0000 0000 0000 0000 0000 0000 0000
0800 0000 0000 0000 0000 0000 0000 0000
3600 0000 0700 0000 0200 0000 0000 0000
5803 0000 0000 0000 5803 0000 0000 0000
2400 0000 0000 0000 0000 0000 0000 0000
0400 0000 0000 0000 0000 0000 0000 0000
4900 0000 0700 0000 0200 0000 0000 0000
7c03 0000 0000 0000 7c03 0000 0000 0000
2000 0000 0000 0000 0000 0000 0000 0000
0400 0000 0000 0000 0000 0000 0000 0000
5700 0000 f6ff ff6f 0200 0000 0000 0000
a003 0000 0000 0000 a003 0000 0000 0000
2400 0000 0000 0000 0600 0000 0000 0000
0800 0000 0000 0000 0000 0000 0000 0000
6100 0000 0b00 0000 0200 0000 0000 0000
c803 0000 0000 0000 c803 0000 0000 0000
5001 0000 0000 0000 0700 0000 0100 0000
0800 0000 0000 0000 1800 0000 0000 0000
6900 0000 0300 0000 0200 0000 0000 0000
1805 0000 0000 0000 1805 0000 0000 0000
1101 0000 0000 0000 0000 0000 0000 0000
0100 0000 0000 0000 0000 0000 0000 0000
7100 0000 ffff ff6f 0200 0000 0000 0000
2a06 0000 0000 0000 2a06 0000 0000 0000
1c00 0000 0000 0000 0600 0000 0000 0000
0200 0000 0000 0000 0200 0000 0000 0000
7e00 0000 feff ff6f 0200 0000 0000 0000
4806 0000 0000 0000 4806 0000 0000 0000
7000 0000 0000 0000 0700 0000 0200 0000
0800 0000 0000 0000 0000 0000 0000 0000
8d00 0000 0400 0000 0200 0000 0000 0000
b806 0000 0000 0000 b806 0000 0000 0000
d800 0000 0000 0000 0600 0000 0000 0000
0800 0000 0000 0000 1800 0000 0000 0000
9700 0000 0400 0000 4200 0000 0000 0000
9007 0000 0000 0000 9007 0000 0000 0000
c000 0000 0000 0000 0600 0000 1800 0000
0800 0000 0000 0000 1800 0000 0000 0000
a100 0000 0100 0000 0600 0000 0000 0000
0010 0000 0000 0000 0010 0000 0000 0000
1b00 0000 0000 0000 0000 0000 0000 0000
0400 0000 0000 0000 0000 0000 0000 0000
9c00 0000 0100 0000 0600 0000 0000 0000
2010 0000 0000 0000 2010 0000 0000 0000
9000 0000 0000 0000 0000 0000 0000 0000
1000 0000 0000 0000 1000 0000 0000 0000
a700 0000 0100 0000 0600 0000 0000 0000
b010 0000 0000 0000 b010 0000 0000 0000
1000 0000 0000 0000 0000 0000 0000 0000
1000 0000 0000 0000 1000 0000 0000 0000
b000 0000 0100 0000 0600 0000 0000 0000
c010 0000 0000 0000 c010 0000 0000 0000
8000 0000 0000 0000 0000 0000 0000 0000
1000 0000 0000 0000 1000 0000 0000 0000
b900 0000 0100 0000 0600 0000 0000 0000
4011 0000 0000 0000 4011 0000 0000 0000
b50c 0000 0000 0000 0000 0000 0000 0000
1000 0000 0000 0000 0000 0000 0000 0000
bf00 0000 0100 0000 0600 0000 0000 0000
f81d 0000 0000 0000 f81d 0000 0000 0000
0d00 0000 0000 0000 0000 0000 0000 0000
0400 0000 0000 0000 0000 0000 0000 0000
c500 0000 0100 0000 0200 0000 0000 0000
0020 0000 0000 0000 0020 0000 0000 0000
4800 0000 0000 0000 0000 0000 0000 0000
0800 0000 0000 0000 0000 0000 0000 0000
cd00 0000 0100 0000 0200 0000 0000 0000
4820 0000 0000 0000 4820 0000 0000 0000
7400 0000 0000 0000 0000 0000 0000 0000
0400 0000 0000 0000 0000 0000 0000 0000
db00 0000 0100 0000 0200 0000 0000 0000
c020 0000 0000 0000 c020 0000 0000 0000
e001 0000 0000 0000 0000 0000 0000 0000
0800 0000 0000 0000 0000 0000 0000 0000
e500 0000 0e00 0000 0300 0000 0000 0000
683d 0000 0000 0000 682d 0000 0000 0000
1000 0000 0000 0000 0000 0000 0000 0000
0800 0000 0000 0000 0800 0000 0000 0000
f100 0000 0f00 0000 0300 0000 0000 0000
783d 0000 0000 0000 782d 0000 0000 0000
0800 0000 0000 0000 0000 0000 0000 0000
0800 0000 0000 0000 0800 0000 0000 0000
fd00 0000 0600 0000 0300 0000 0000 0000
803d 0000 0000 0000 802d 0000 0000 0000
0002 0000 0000 0000 0700 0000 0000 0000
0800 0000 0000 0000 1000 0000 0000 0000
ab00 0000 0100 0000 0300 0000 0000 0000
803f 0000 0000 0000 802f 0000 0000 0000
8000 0000 0000 0000 0000 0000 0000 0000
0800 0000 0000 0000 0800 0000 0000 0000
0601 0000 0100 0000 0300 0000 0000 0000
0040 0000 0000 0000 0030 0000 0000 0000
1000 0000 0000 0000 0000 0000 0000 0000
0800 0000 0000 0000 0000 0000 0000 0000
0c01 0000 0800 0000 0300 0000 0000 0000
1040 0000 0000 0000 1030 0000 0000 0000
1800 0000 0000 0000 0000 0000 0000 0000
0800 0000 0000 0000 0000 0000 0000 0000
1101 0000 0100 0000 3000 0000 0000 0000
0000 0000 0000 0000 1030 0000 0000 0000
2b00 0000 0000 0000 0000 0000 0000 0000
0100 0000 0000 0000 0100 0000 0000 0000
1a01 0000 0100 0000 0000 0000 0000 0000
0000 0000 0000 0000 3b30 0000 0000 0000
3000 0000 0000 0000 0000 0000 0000 0000
0100 0000 0000 0000 0000 0000 0000 0000
2901 0000 0100 0000 0000 0000 0000 0000
0000 0000 0000 0000 6b30 0000 0000 0000
6400 0000 0000 0000 0000 0000 0000 0000
0100 0000 0000 0000 0000 0000 0000 0000
3501 0000 0100 0000 0000 0000 0000 0000
0000 0000 0000 0000 cf30 0000 0000 0000
4d00 0000 0000 0000 0000 0000 0000 0000
0100 0000 0000 0000 0000 0000 0000 0000
4301 0000 0100 0000 0000 0000 0000 0000
0000 0000 0000 0000 1c31 0000 0000 0000
7700 0000 0000 0000 0000 0000 0000 0000
0100 0000 0000 0000 0000 0000 0000 0000
4f01 0000 0100 0000 3000 0000 0000 0000
0000 0000 0000 0000 9331 0000 0000 0000
5101 0000 0000 0000 0000 0000 0000 0000
0100 0000 0000 0000 0100 0000 0000 0000
5a01 0000 0100 0000 0000 0000 0000 0000
0000 0000 0000 0000 e432 0000 0000 0000
5900 0000 0000 0000 0000 0000 0000 0000
0100 0000 0000 0000 0000 0000 0000 0000
6501 0000 0100 0000 0000 0000 0000 0000
0000 0000 0000 0000 3d33 0000 0000 0000
2000 0000 0000 0000 0000 0000 0000 0000
0100 0000 0000 0000 0000 0000 0000 0000
0100 0000 0200 0000 0000 0000 0000 0000
0000 0000 0000 0000 6033 0000 0000 0000
d008 0000 0000 0000 2400 0000 3a00 0000
0800 0000 0000 0000 1800 0000 0000 0000
0900 0000 0300 0000 0000 0000 0000 0000
0000 0000 0000 0000 303c 0000 0000 0000
6703 0000 0000 0000 0000 0000 0000 0000
0100 0000 0000 0000 0000 0000 0000 0000
1100 0000 0300 0000 0000 0000 0000 0000
0000 0000 0000 0000 973f 0000 0000 0000
7301 0000 0000 0000 0000 0000 0000 0000
0100 0000 0000 0000 0000 0000 0000 0000
